8e35b47213acb9fa620d8e884d3f6338166f34d7
348fbd39301d59e19f08126a83537b896df59ad3
a0773c12a8851bcf9697b57ce3e3b49436f02cfe
dd102182aabb5778e925eb2f536bab904b97c9b5
ae912752721c0f7b5857cc8c314fb9a3e94ca1c0
Number of bits to match(Collision): 8
21
10
15
30
2
12
13
8
7
21
23
27
10
19
24
13
24
22
23
26
6
15
36
16
32
31
19
25
18
11
20
28
45
23
30
17
18
35
14
31
25
18
35
24
23
21
13
3
21
6
Number of bits to match(Collision): 10
59
50
45
18
43
60
52
39
22
32
44
15
45
13
55
53
32
9
17
35
28
29
58
54
56
47
14
34
31
47
70
83
66
49
25
75
68
27
46
38
77
49
5
85
76
51
29
55
11
43
Number of bits to match(Collision): 12
83
122
51
121
57
137
38
116
51
23
111
56
52
203
94
33
63
59
24
78
133
37
47
86
33
56
24
52
23
33
61
41
145
38
102
29
48
73
182
97
98
64
105
66
94
132
73
154
35
86
Number of bits to match(Collision): 14
61
311
9
157
189
81
141
53
70
146
86
218
138
201
18
148
116
197
208
68
80
205
72
215
115
223
188
134
158
124
107
198
121
62
297
131
91
225
201
124
184
70
28
239
27
101
79
91
246
120
Number of bits to match(Collision): 16
329
247
386
303
111
537
386
277
398
322
115
238
143
297
336
233
303
271
101
327
200
522
105
274
208
594
314
453
706
349
357
388
155
574
92
765
384
761
304
365
236
281
498
308
479
599
486
351
321
301
Number of bits to match(Collision): 18
839
420
305
1262
309
70
1432
518
742
498
624
769
811
519
441
392
781
1271
1052
949
391
829
640
186
1332
1092
723
1214
291
1016
257
1075
766
949
1101
672
1153
275
292
412
291
311
859
299
145
1278
857
690
808
985
Number of bits to match(Collision): 20
465
741
1786
1311
2399
1798
1097
852
258
1497
966
923
729
220
2205
947
275
595
1124
2691
3185
993
1602
1770
1309
1574
1196
638
1615
1417
949
310
886
3634
1234
1613
605
1005
1366
713
768
1511
208
609
1300
911
1393
2421
2058
894
Number of bits to match(Collision): 22
2336
1552
2026
5038
3231
1739
777
3633
3731
1497
1616
420
311
845
3491
3468
1965
2305
949
1407
1690
4696
5356
3956
2822
2142
1727
2403
3718
875
1393
1959
3313
2056
1782
2880
4303
1988
1475
867
4042
1380
2944
1568
2903
1607
991
5304
1957
1776
Number of bits to match(Preimage): 8
1165
84
144
50
174
308
169
94
155
104
208
199
166
17
101
36
338
7
124
136
385
2175
27
553
2
484
75
180
157
473
385
180
72
225
142
18
233
119
201
274
267
185
62
169
150
80
270
188
74
365
Number of bits to match(Preimage): 10
132
127
1994
3645
94
1049
146
1598
1273
158
884
289
931
2298
34
754
2309
3392
151
2687
435
297
538
709
92
95
289
361
339
2074
838
919
333
3522
419
141
1162
12
177
379
1500
786
532
3305
592
688
459
2362
1660
198
Number of bits to match(Preimage): 12
6134
3082
12944
6141
72
7696
784
11597
2373
287
4676
236
25399
14613
6506
670
4211
7153
10498
325
5294
6593
5583
270
1828
2026
6140
3432
2407
2923
4160
13050
1269
533
4719
108
7645
1600
5622
8864
258
3125
437
2094
1366
1550
2619
289
461
1005
Number of bits to match(Preimage): 14
22327
63993
9982
736
11553
8431
23344
45810
9306
3789
31538
5074
3520
5393
16903
13782
30848
32556
2657
2080
3453
2468
40045
17942
5279
10924
2121
556
13113
4235
2222
13664
1
3546
6454
14970
12140
693
1927
4860
38406
49359
3456
5562
4450
28358
3936
13398
1103
21945
Number of bits to match(Preimage): 16
21834
144428
65289
189013
20519
68934
15964
46841
48711
81118
36651
15831
40114
5163
43893
81400
28329
194807
28673
50446
77603
20104
5120
70547
18069
123568
1175
21665
229346
51853
158495
17425
3455
13859
64151
186774
117066
125269
1629
96830
16052
199555
62494
633
66876
241562
47416
72694
121154
252653
Number of bits to match(Preimage): 18
198429
70624
542823
156515
15260
1035224
124994
290470
55098
38786
628609
840781
303710
216545
356521
99315
141246
277797
3339
99491
126478
119346
151398
117397
159832
106679
1344697
65182
32606
120349
166295
277404
567681
113667
181999
155698
247500
139640
143568
118900
231248
59370
310869
107169
374559
120682
126142
103727
58748
106946
Number of bits to match(Preimage): 20
2046759
343316
1029274
462287
488530
251401
2494570
410881
546697
651251
2813468
500550
73180
1347992
996572
1719531
1263124
455619
119181
27981
169846
1832247
167105
389370
5690
496062
178799
243052
2356386
312911
1288731
2965530
1032564
1915127
485398
286073
2016181
612276
691505
1046675
3372837
1205668
791725
272714
994123
139955
1937648
58005
1658740
948541
Number of bits to match(Preimage): 22
92288
255548
1885908
5006323
939848
7492207
620874
4506644
8178286
19141077
4901318
5775090
5094072
7157380
1261105
11448420
725769
3274793
1025192
2125732
1613561
4624830
5514013
320525
1360659
6604867
2813298
2574041
1337348
10079793
205228
2301234
3197811
719721
15133852
98396
4056432
6249809
102071
2467252
1466994
3236938
1502060
731662
1040251
6906718
1794565
277114
6938212
3593330
